10000000
-23.960048965300064 104.831366081729811 -101.672038821458258
-135.766174166517828 -19.369306637453672 172.752597811171995
320.410337546383801 193.213682514969179 -12.090121816849356
-195.726000372936738 -131.481757768954765 190.246102370645019
-125.029496426241195 88.314554438611196 -158.694195961205878
381.346673944532427 -134.332070348197107 -193.973936297353276
46.661837503298031 -232.181007646469766 21.331125214935025
-108.720324588793773 -108.854780536807027 175.757278723244951
117.546163594375216 13.364267555805927 -91.931019645474080
-119.658697827176212 -155.089220921935095 31.373048107250810
-202.743835519115692 -80.152932313002680 40.581200713517923
-144.157636018299826 63.057912525151742 191.965161379579456
25.197744937725567 251.534826126201239 5.691191825376418
35.830535318163847 135.599252893908556 -351.449471105952341
184.895435074501535 -75.106865724702075 -34.970338940006997
8.655190809673298 -76.979455289759343 89.679401873678330
-167.087210082297815 48.137134484356061 -56.014678224793201
-241.993573847307687 -15.957135832921832 152.348248386428935
-105.772922808185342 -95.881458102038962 90.518977033792652
-23.409087512894914 -198.849519077841364 -179.162931456411343
-94.887852875226358 -94.106271811829188 -207.226679248112617
4.090072598554139 39.527390872433571 -222.375812610089639
2.652789208189009 -72.049064795353246 105.708614251867289
-1.777962070857495 180.607891479706353 10.049367132397961
88.362106161178048 -62.335742893468833 190.561707667625399
58.869236627802671 -299.777631020371814 56.994108740577943
-113.746527045172698 29.825483743366885 -17.722962592295161
73.942612223668704 -150.477208697361363 164.958295414508598
292.245187029130534 -194.985877534458439 -42.984916657954066
5.852746389149033 -41.103433351627174 -39.610620559430885
112.186872106274905 -49.042134291329290 288.147879743319663
-95.471346016184242 168.724073085538492 -234.824351890003868
270.862945254030592 -81.306195953377298 -87.226580363745214
-123.681082502658185 117.069497407426610 -219.079165280494465
-3.757309235326288 -127.297381781139222 16.573462279183531
-124.782342732286963 -457.410426371310336 151.719368663326577
-81.073070437891005 -122.787255565571002 154.414337413717448
23.796287951198035 -155.348187672733246 222.972503758585788
-37.924352057548710 -52.916972824030246 -34.366484070413321
-24.626285614379814 59.104714440120667 -56.298434867180113
-80.127183457127160 -193.814540800534047 -323.374876229435188
345.933397518032280 -20.046126748502257 147.664011285755237
-73.790355763581474 334.795126042285233 -8.059681029056067
-127.561729905502915 61.549957427647385 138.021898041111172
545.128558643390647 202.893533035220742 152.068198343919704
-131.475029750581882 -334.077202098150735 16.640107900244416
203.164610821900055 190.284449317438799 -0.580023407865578
-69.304056434821376 -33.504268142070735 189.641995085984632
81.491326201719559 19.379203637320678 -200.467078965890437
-146.845701506147350 27.548823653261760 -183.066518216743873
78.430429638024876 -48.302802380586208 153.446653683026142
-116.458840473409282 113.027984732557186 -113.672526603718467
-45.128564934396174 198.422403676961380 4.798241619256653
-162.032920362810216 356.959067096779506 -238.218732619157976
-130.821345789856878 109.422342428508330 2.336149684473269
181.885190498880462 -137.771723600579378 -258.328652399177258
-129.606671630619047 -89.816778843254639 310.411200028097596
86.093428526481929 -232.669180488349355 126.778025116860022
-518.223344175234388 270.162459858282546 538.657994764640762
62.348394874842043 94.324368308822557 -133.574376612376597
-155.643787240038506 -122.485084055426199 177.845629418218635
102.673213206112763 -76.130830875440466 49.857629602029874
275.631525948754870 -159.011673316352756 -15.224593046584440
53.941301057604555 390.093471657404791 327.279410432626833
34.513682560957861 -83.143683057654670 23.068211050105731
155.281805636174198 -10.169598853528498 -17.176388602807201
-43.604340519102344 -41.654519649908764 132.528843298338955
168.768561662840369 -87.232692508956077 0.182080499101937
455.574428808053199 -59.445136433846578 -270.369449749783143
-127.259725007463771 -184.097683719244344 21.146957206377614
-74.436667570804630 -72.143191273975845 -0.873066175259103
178.822680994914322 -61.626937050140612 -94.986544898416312
-30.428766885939112 -55.057855667219094 -7.020216819982859
75.643695481333907 70.568550127523437 -232.306556999354342
-197.057522608627409 170.092175402834698 -180.488681621190068
-94.816291573028082 160.531778332106796 83.355964895655831
100.677989788603952 217.069802669184128 -84.764037140469526
32.390988993029886 -157.929308246881050 7.698104529622067
-194.637919279852412 142.766358056453498 -212.265405618486369
40.222077205033230 -108.710319999089720 -79.102628061596093
72.640631350679300 142.837809255309566 12.294746772350798
30.366904376021850 -38.773680978116090 119.574932868950285
129.172978917134287 -52.298146214363207 -202.477842641373542
51.776314749863502 -189.536370153246452 318.352022388030605
100.809995120609997 -26.645721149703515 61.244060253030874
-5.340761365577284 -47.190981433582017 -89.675674548918650
108.056067742930921 -464.018734721062344 47.934760739806634
39.255016438846503 342.024571082199031 142.727644430108882
194.125293244585606 108.037688157023425 -133.427614705914010
87.865046988955399 115.024957543854839 95.791101269970056
-10.248158342636968 -108.732119458797683 318.428336655946339
122.997261236627949 336.484644777906453 -234.438101844285057
-91.524213525061100 -139.879119452046922 198.029270331445304
-96.133383186198202 -36.593864338575031 2.669916546891651
35.710160095140154 -104.478764464199841 -110.874394169189301
33.775755891317864 56.584293763700082 104.799793927439680
-209.173465481586675 253.831136819905964 -114.145353670509905
53.445679866179006 210.886186673826671 85.929682991566040
-121.887191575746385 286.385988943977111 17.470458768299888
16.260705491408679 -266.926204508999206 330.834441866934696
171.342463317624407 65.592524785549742 -188.123587410125140
33.391722599163103 -142.789798103268652 -52.560330605301907
48.091945966192498 224.066337349827819 35.626342420348692
137.830844130900459 214.861559684376459 11.698910492721932
224.866959777904697 -110.182256263803538 0.378638457092508
-95.755452347116957 -143.887241792324346 34.129587717851237
-98.109705539174584 -82.278914409827820 -146.253669044550747
-304.832788326205446 -51.210155979034482 114.815862019082161
-79.671074513613632 136.997915134560060 -72.370080620179252
-87.373611694231172 -204.587110040270318 316.674600313875089
2.996185022714715 9.748096203486034 -69.538934181221052
-210.419082732921055 -225.022564585983901 476.117190506784596
159.117045273667912 197.502227947006929 -29.248611855456193
-11.631389039230555 111.023788453391845 -465.417803311036550
0.531884086976018 38.390520044721079 -175.623271325150483
-198.862266779329445 -124.355370965515093 44.902205684612525
106.529634324196508 555.731506936612732 -200.843806698394587
107.733201809969344 -105.486880931909155 -198.952771223678127
117.953165646034122 -50.546198044494190 194.088938076855641
434.028450596041068 142.322116156119279 221.254357694979660
181.341924804109254 134.230233331805948 148.532498515266866
-15.043035555078312 -165.009376444023616 321.514155898283434
-176.949671512554687 -331.254285448353585 143.002379998188019
-112.652981819578329 123.795989472445157 206.571636147043307
-130.940203712228794 163.726814808286605 7.338006332935338
-121.165884812247185 -26.057241208652218 -5.429326980062625
77.108568251825801 65.557020882584212 -128.785644237490715
-197.216328901787080 196.639549923127220 17.059169694505702
-167.758112918951809 -65.886946142101507 -79.826980902728835
89.620202787730676 -43.473380007765215 -95.021889035718672
5.052333426143800 80.405512868757526 62.987421853805209
363.810658326013481 0.243591815396545 79.407525272580003
-281.444228648861497 366.238179234098880 63.648672504186585
75.980085361095092 75.792903816553093 288.471091178474126
-93.606687329041847 156.374353866342858 262.229183547740035
82.609355962473202 29.663346628009691 -25.975836745625084
-130.866928501828937 11.834494328853980 160.635523982563768
68.286704136611405 -86.501677659609783 -470.550882528125840
63.688405315378127 -87.600272225815999 170.115609483183647
131.620901809829178 4.561444555485074 157.617705244313782
-148.652993925483031 131.883823944073214 -369.603335558224501
58.636935742226747 -55.827401487884600 10.598914281865163
-28.726383816593703 -379.167175180343804 -99.056571100955509
-150.757405275722988 -81.112715035719731 -322.670060415204375
61.510081142419658 74.707812546207734 442.835433428650390
79.568505214738821 97.995651339781489 -57.282976004674033
-22.256205106834866 219.550819258885355 215.484361302791228
-76.148764596173066 67.235450842456061 160.378457598880317
35.338420768526412 -360.055598528202722 -10.358598660210797
-34.930512705767725 -101.735271970659028 -80.835159363215098
27.737214965540741 -79.114219111784124 37.206062950813276
-192.327596051085436 185.880795253863738 22.638626002309056
-160.664405854862821 -61.315311695009285 -273.570364939499996
-295.969521628640450 -35.738437559930524 -129.395535191856453
-64.778846535878614 142.581510485038450 -1.034280030913380
211.178746151823958 -151.920380886991296 196.645771908174396
-85.915192718718714 100.603029510436528 -44.742054956024958
-64.717601028955784 243.494725172194848 -108.235703298800502
-163.387739889465621 -92.753353215008985 -225.500019898690454
-110.989870427317697 -199.826031658682041 -148.067353828044730
247.987867023200295 56.242735479154177 -4.338018212947266
-26.183484781411703 87.844136231308639 223.901794498022980
-34.442477588940299 -153.663413990036162 -50.848779063469486
271.067413620899913 -76.061930796620260 -162.500028209275314
-5.960846850758396 355.213529203555254 38.522312987150137
44.884110707551109 161.808140568799644 -37.425219984650433
24.836769954469695 -45.944419391447560 -82.499931432110003
15.828925720173922 -210.240384309726466 -233.652943263360726
353.872244136321797 76.015351936508367 50.837062483068742
36.536622454411720 127.312908061083462 -106.739055431216599
-56.250663321943065 -107.918461292786333 -93.061137169740221
-16.603476458570515 140.536204246975558 66.464047142722819
33.132109753655278 -114.655086964922489 181.604522593982182
-13.988685271189569 -5.961577302355821 -277.995179023286198
63.768857819918892 58.860954247129207 105.552045817388432
-151.555988653907008 -124.191149730482110 164.231082269619435
24.574176986812621 -36.770006616914102 -291.727100900399876
-67.655210770402476 -24.703091074134395 -96.855058108600204
110.412876941706841 264.128097271307581 0.844278612077362
253.721435830450076 340.025746200197034 299.347090568373915
-321.434418910108263 -48.942151887048780 41.963870778573515
71.774108459345285 65.149383857189463 -183.956187579398204
-26.231959078275491 -84.128803528129367 -168.797789565098839
107.770600203220951 -146.917678154753332 158.352639332109931
-125.311403122464824 112.058356013333253 -65.024397379594461
-125.701488176574230 415.860156365942601 -117.476131747594863
-246.561874123837640 -190.792702077556299 -56.869959748818474
110.634572096263639 9.997675943971915 -144.803668454405624
200.421624829528412 -361.367185474028929 80.970430709792282
-261.513895654453961 21.542497138301123 38.640780309470962
-1.672439690047762 -443.773140060628123 137.899079949364165
-49.855954704592506 -83.938259397512738 127.199719394027184
-49.125249556270788 96.662366424420000 170.904596660745710
-30.070303951671445 204.869986259624142 -48.264090517463650
8.157912817467153 33.872341231642665 -354.556367006937478
-56.214458230460480 102.697758921698068 12.288119395128410
-150.823819952119180 -4.347725300330815 -23.419095863570114
560.688312643658605 -170.461620461367033 -40.798713625044229
