10000000
-39.354625275327251 -4.433689304813841 80.506005058520870
-38.051763426130087 -4.495175079128686 84.232389563523327
-36.466437757534763 -7.799320577221562 85.926559508657050
-35.282211760910869 -7.235612604540147 89.461815128830608
-32.079666886759732 -9.043186884015462 88.763609789301469
-32.102620642630441 -12.147426210156043 90.899566955143342
-31.955321667301465 -15.193377391349259 88.350269815626206
-29.284310160053856 -13.260814858380606 86.307746705630137
-31.803399177744986 -11.246677636762769 84.374981746939440
-31.633240684640253 -13.687738347989741 81.499810465609400
-33.922883438630961 -12.484807281677933 78.647943428854688
-34.800108766085728 -14.301924774965808 75.294563578712825
-33.839742880094718 -12.633218854757285 71.959876150519392
-34.842336291353469 -14.873566314345542 68.992467384795575
-32.678056379173384 -13.807330650788863 65.981249982798502
-33.971083984425618 -16.723134036880197 63.872515907192302
-36.212579004942818 -18.844776629562833 66.307564383237022
-33.616986619555341 -20.520252349002096 68.255172467819932
-35.090091038706468 -18.283553084747847 71.061998941570550
-31.639512605197886 -17.875428622579708 72.863364529639227
-31.036705960495219 -16.518951622116866 76.377833178037932
-29.185568580131452 -13.283371356299392 75.482987023740165
-28.030819681302507 -11.758343634578180 78.770447257547019
-28.944547847200273 -8.142483201374738 79.581681849070534
-25.619689531804141 -6.834310926443281 80.572127338672274
-24.243141030217462 -3.509642877202265 81.435157688327777
-20.737167668531850 -4.549199840058435 81.693691865671767
-19.663111005266412 -6.506073656520127 78.743772055090830
-18.327268957868721 -3.900612502620180 76.560896618919898
-19.855576083476976 -5.323282662653368 73.153792707498042
-22.862718054620313 -7.879922312852713 72.356172079034323
-21.407586812759284 -11.360240414014834 71.651591603301299
-22.938378271507183 -14.040980445271192 69.553193375694761
-22.898634660089158 -17.919429336207550 69.696376339503558
-22.346606452841009 -18.887541611209198 65.993474952087638
-25.233214725664290 -20.105298592436171 64.031974941546082
-23.811674166541689 -19.601397743710095 60.593018426266269
-25.802444602689185 -16.781737644242302 59.974472417813011
-24.044037128463380 -16.672873208225482 56.607439820377451
-21.963340670216692 -13.579691977635354 57.278213414641506
-18.356983796325739 -13.216105994062520 56.195391894977305
-16.917324696290077 -11.766888335785911 59.343126477962841
-14.707413221344884 -8.743212228654729 59.000694962885063
-11.821470516444675 -7.983199037175448 61.527560384658102
-12.841967192521674 -7.990567350904543 65.149068956382081
-10.066250397920491 -8.065322237930891 67.787777439636585
-12.323185049090654 -7.820885386662094 70.957476651069811
-10.223722931124080 -8.216386182894531 74.180053571828751
-12.933949240826783 -10.095342468511546 76.170210356773040
-12.524945653871354 -11.940064748527323 79.485069215936235
-10.402477700445864 -15.011179424540185 78.882567050346637
-8.950705345150904 -12.959648178676160 75.960370417003830
-9.689904160398855 -11.241628547730501 72.616245653899881
-10.520368210170288 -14.165973232005122 70.647115341984360
-10.019141866007377 -13.032863686382139 66.955950213259882
-13.894928387796543 -13.488585807975261 66.809695733166166
-16.661990289354996 -12.520057565830609 64.209350994626519
-17.928304533296565 -8.999862689802558 64.155851804123557
-20.710220363433340 -9.358748815149903 61.402606895384459
-22.819579825474861 -6.036099468295243 61.337554838940299
-26.214674838796228 -4.967838734562970 60.023587737579867
-27.578522056769909 -7.317324370861974 62.551947059585892
-31.283019946120454 -7.407151081091687 63.465800477069862
-30.581728412579370 -9.286266988273031 66.693797962129722
-34.078378387327611 -8.931310194690896 67.853752820186656
-34.695755126910271 -8.513117414105176 71.707901221249728
-38.298051734834750 -8.173797120098394 72.496431902647373
-39.874208159922219 -6.810204570174604 69.564724455278267
-37.268421478739036 -4.001756110329008 69.018310435188738
-34.864722094951432 -4.892016135960877 66.279263167682743
-32.106024320774765 -3.133035211854196 67.949196230777261
-29.514592084396408 -2.514422546185270 65.156631839529609
-25.710932756067631 -2.899225909098087 65.673957703550983
-22.353618794544655 -4.343318967903388 65.167624205285549
-22.080013664142097 -7.940906353310028 66.279598228876310
-19.357652192952816 -10.047418082874076 68.006862996144150
-19.477744885388091 -13.758376095091441 66.783946602698919
-17.695267321630197 -16.874283293260905 68.237715189453766
-17.975703660919741 -19.546533922840872 71.091430834649174
-18.652923188558329 -16.674087384231939 73.282537547378709
-20.223855029781994 -18.488221652248516 76.340679163073077
-21.547280988341974 -15.670253871684025 78.508048737750244
-24.256607915733440 -14.372684146644371 76.080419937187997
-24.776578450747273 -10.548114412616966 76.420525384811867
-26.812176012598684 -7.378896772213955 74.989601168167837
-23.758765647398750 -5.381147830927321 76.398256837976348
-22.712913998191233 -1.705091169686807 75.991001085707424
-22.826228828089896 -1.318683743792447 72.252093814189934
-26.893980338293822 -1.348178264862872 72.055284470593605
-27.107963643039923 -0.983256079951161 75.827804521063882
-26.775886656406932 2.840943720043140 75.308444368548422
-29.468110624215086 2.774904108982092 72.563352411544116
-31.559407698626668 0.208766767286722 74.334145265026152
-33.337649449583076 2.874441334919134 76.507739725919933
-31.193523243901328 1.427198684769318 79.487361554968430
-30.795988444941091 3.241838305143431 82.712722014415164
-30.941849944874143 2.234094754730434 86.300579287399685
-31.863240338175615 5.529775321970821 87.426029234981044
-32.405686355631246 4.233537837082974 90.942183611893185
-28.659093483116258 8.204122300196545 90.592877613842958
-28.272705794471335 5.614623382072318 87.633170752816952
-25.602559364279866 6.119796494548421 84.866147801933693
-26.311309751536939 5.574789196373644 81.139290607396504
-23.728729215686837 2.796075167795701 80.590395057115728
-21.456798505238456 5.023549993751699 78.655607177588251
-18.480856752042893 6.263101848699456 80.585279445625247
-16.926198778102378 3.374004745692373 82.791152875514285
-20.020855890892207 2.764589381533765 84.885391586133167
-18.238618795981790 3.570797018330827 88.183648197357371
-20.435624042262500 3.714575611667545 91.434048657364428
-17.195201756504328 3.836213357278982 93.512048414775691
-17.580595760571708 0.966138233128850 95.817161041827958
-15.416360942334506 2.125632660008809 98.626395419099140
-14.969502246652704 -0.361541742437395 101.520659013227913
-11.775457869013826 -0.251398683880586 103.614670866025847
-11.289570023980779 3.391115328240403 102.181395274805368
-9.869500057125903 1.368041143654275 99.373090558624625
-11.696318593177660 3.694612308588881 97.068512368072547
-11.428576819861465 1.371919246849646 93.825358108052043
-14.181481217825004 1.705860019238158 91.348529362915343
-15.114974179110989 -1.942724262752039 90.048553162196725
-18.107585384941277 -1.188481268672084 87.858622762230880
-21.821711460736505 -1.506017048697924 88.761066069982121
-23.098837206347852 -3.773201520357528 85.893059874330504
-25.758020086534650 -6.565387736379067 85.439860649706461
-23.202774767180575 -8.897747042325173 83.886988764154410
-21.992309712793645 -10.358836988079073 87.357356917504291
-23.466445288443968 -13.189318181654368 89.364180362991647
-21.208683377507498 -12.589711930554200 92.480578710538580
-19.491388257263374 -9.501905144797792 94.144949534799551
-15.645657813566331 -9.717208658768607 94.509380742389382
-13.034137364487725 -7.761228302353194 96.473411255630239
-9.851591578329240 -7.035973966620480 95.019034606360620
-7.902039072904666 -9.439800988819318 97.438850349135507
-8.081727347677381 -6.956358941152216 100.162333093866437
-7.691621385806174 -9.098819518132482 103.275264604210250
-10.882062577626519 -8.371453315634708 104.827212693674440
-9.983722019852330 -11.050967250680438 107.410364848317784
-12.683775622765891 -13.605852995800237 108.364258978545578
-13.213114673205084 -17.250217152794526 108.496041123337179
-14.166521731291036 -17.539736777647445 104.953783166690641
-16.702079325668798 -19.934621853283314 103.478598621753903
-15.852980118933324 -21.526782611510011 100.010206408057357
-18.355527454586117 -20.905292168237903 97.110598536852734
-16.789924840056312 -23.246415765375868 94.439317000112780
-17.998622076566143 -20.912984781729051 91.556861121530503
-17.673463964640764 -20.522396506903060 87.860723804819941
-14.831080090788362 -18.243641790126276 86.896821659657434
-14.900561289331685 -16.571861579597751 83.591059167770311
-11.585887580378126 -18.204896891954849 82.559680658001596
-12.379535946982468 -21.373863440791865 84.756477701861897
-12.773562188581367 -22.909937203858526 88.395733242721477
-11.255892755003119 -20.038587783375515 90.691205445166858
-12.172793275577815 -21.349701376725257 94.122358481758170
-13.356689662436075 -18.090007082642249 95.794875586272397
-13.773546170002447 -17.417287480498057 99.547423598257751
-17.273922364791350 -15.974398999838380 100.183332263686381
-17.084268177347262 -13.237942004276213 103.018930991142625
-20.282341094510308 -12.195469803621668 104.809846590790499
-20.863595077350176 -9.182783934241380 106.959287805677576
-18.765752663451796 -6.728687716025135 104.937664091660906
-19.815364169992957 -3.170506280705781 105.590593447083918
-18.441935447475988 -1.640243837682180 102.479702417577627
-20.525772661340870 1.197160142395791 101.018645646435246
-21.597492554037469 1.047282201809834 97.417760466104241
-22.968755833086014 4.488545502502577 96.864415210861267
-24.118842597284754 5.092981790148257 100.280196916713422
-26.823589918872059 2.098815354339755 100.676035117388778
-24.503440152236859 0.028136815363650 102.976294675430566
-26.200769643686638 -3.035802897660854 101.416393525979643
-24.004161698931178 -5.334852505279072 103.489105111847891
-22.685387731853034 -8.367280218938816 101.807044419292154
-20.193870083142233 -11.033186716057550 101.382914564587992
-17.641895418564374 -10.997948389719975 98.712598963618319
-16.100768297786967 -13.327293991365943 96.239613530024243
-12.541952582453787 -12.724391228344578 97.665242069219929
-10.860537346859685 -14.219463545927754 94.537907709338455
-8.085320708681637 -13.608681723178107 91.908663402860839
-10.266457620735457 -10.631824901449457 90.838233436899614
-9.351004974829426 -8.412237076226278 87.684755605802962
-12.725992917021822 -6.661939215637483 87.444578579979279
-13.605739302981542 -6.280452797172702 91.244395693915237
-17.255799712452610 -6.783930343593968 89.941827483411345
-20.478877658947503 -5.271341762253992 91.520974715040381
-22.385925736965007 -8.653443666067245 91.144457861522028
-26.118310424747474 -9.384716073899156 91.726073376125910
-25.885283609722137 -10.100370461556700 95.442314218668926
-25.175258317092123 -6.362291504300331 96.278901964718372
-27.506383514609052 -5.067491299206822 93.688554571726982
-30.857733196944899 -6.197320711174003 94.684563336149324
-32.215955376134119 -4.339017058043292 97.732142993550198
-30.269911160393409 -1.440040266552066 96.410584692722239
-33.156638433096219 -0.031887414024150 94.528485561763873
-31.444068398907497 -0.921377830679697 91.368762227384480
-34.153572070647570 -1.649448319140599 88.992880094444544
-33.919897203506238 -2.391542967701251 85.268927370478266
-36.325195343801802 0.326644135570372 84.270888322759404
-36.094372908660084 -0.327482717069948 80.387618922660295
